1	0.519058114272	0.530747530605	0.517254212368	0.528522375825	0.534950547315	0.496386192129	0.529599610734	0.533749742537	0.534239513649	0.536077771272	0.531661960651	0.521382895208	0.52846271061	0.527105696549	0.533782513843	0.535627237647	0.531954992968	0.534329488779	0.529225375737	0.529522230105	0.512440931266	0.520633925128	0.52809291893	0.530533979609	0.528316555844	0.528223302621	0.520276104233	0.528260125393	0.529996408875	0.528444891169	0.538080556357	0.537136323025	0.518464972994	0.532965505013	0.523415692526	0.533159594663	0.527562525345	0.537249102286	0.539960741618	0.534007868631	0.522473234254	0.526942536817	0.535756772981	0.535907286402	0.521751265324	0.536467347517	0.532445122392	0.54003620155	0.536062412134	0.529829393694	0.53276308426	0.532040566986	0.536052476075	0.532499160985	0.537003134857	0.531341069989	0.535399719167	0.531929454234	0.533900675352	0.514449190177	0.534708823208	0.532096925053	0.532896691223	0.527576460083	0.532592053765	0.532064339223	0.536481447998	0.536872568175	0.531502377558	0.535133371608	0.525771352309	0.524884456986	0.530403864717	0.52877756356	0.525607934098	0.523545176898	0.478392414249	0.535423033664	0.532635088592	0.53591461732	0.534934558308	0.513133643223	0.528194840634	0.528617235268	0.534380287591	0.530079619366	0.53241900609	0.533494976155	0.534544488891	0.526769307831	0.529049253215	0.534169065841	0.537227149412
0.519058114272	1	0.532490347343	0.518517840788	0.528716079616	0.534314121891	0.496133015893	0.53060830483	0.53180773726	0.52481067871	0.525490156229	0.529803231788	0.519694070599	0.530841158896	0.526248546191	0.530299490624	0.526348617045	0.527886133829	0.526650413847	0.528248980293	0.527321043534	0.51172262773	0.514412933879	0.52191202092	0.526836582633	0.525340182335	0.525140630274	0.522375367901	0.526441511601	0.530972648291	0.527690488829	0.531086986625	0.529121532061	0.523808997463	0.530709439898	0.523655094549	0.532441897211	0.5241399548	0.533379422307	0.534934570025	0.532467886976	0.519202948705	0.531742736662	0.533659388763	0.531671256566	0.520529927403	0.532739338063	0.531772895483	0.536191064246	0.534907489599	0.529596221446	0.530688058268	0.528431030027	0.531853131824	0.530501933455	0.532412278816	0.531123195056	0.532277589423	0.529411680168	0.525767483335	0.515791178079	0.531225859376	0.528530549604	0.523834926057	0.525001917866	0.525021339094	0.523005814176	0.533623831425	0.526922849492	0.532196418137	0.528408004997	0.523142499496	0.520826440071	0.52429223076	0.523190564947	0.522995011537	0.522877248661	0.479406677051	0.529302827154	0.526476031095	0.525368064786	0.527760153807	0.514893660621	0.521782701253	0.525497296499	0.536412709879	0.534913002955	0.530231911543	0.534753857106	0.53396248507	0.528381801755	0.528901997786	0.529037475045	0.534119148821
0.530747530605	0.532490347343	1	0.53903819854	0.557241889808	0.55799022095	0.508437885508	0.556994754906	0.555935829404	0.55114971591	0.550074629021	0.552997207622	0.537996418863	0.554468268287	0.5501540433	0.55649984168	0.552077495402	0.557424983698	0.556653282729	0.556017068905	0.553330802434	0.528068989362	0.537350091243	0.549411158035	0.554526213974	0.548906584411	0.550359872171	0.539599121737	0.550355503267	0.555002403419	0.551391651258	0.55833880611	0.556218938414	0.544766333173	0.558029016285	0.545833867766	0.558972245001	0.549331887094	0.564333434439	0.56124239518	0.558867799094	0.551490993405	0.556291035402	0.562653922725	0.558415116639	0.543240136107	0.562321157441	0.558756428006	0.560692020734	0.560297855905	0.558797271403	0.558843267421	0.557008178718	0.564376537704	0.557299830259	0.561970308688	0.555015530184	0.559612350298	0.55383183423	0.556116364277	0.533839612508	0.555795523476	0.556372823742	0.553891612704	0.545258679868	0.550550193683	0.552192685256	0.559614837534	0.552909776101	0.552289505887	0.551819736774	0.550053554817	0.546810374549	0.551732922849	0.551029170695	0.546133143831	0.545595900884	0.486808462543	0.559815210834	0.550346379529	0.552897847254	0.557003788013	0.532887062658	0.545582614417	0.54958615216	0.563738500544	0.560060805702	0.55714088517	0.560848466602	0.564129529667	0.552317190095	0.553280912101	0.559066325148	0.563238813387
0.517254212368	0.518517840788	0.53903819854	1	0.537273257526	0.541184772779	0.506177526979	0.538453713002	0.541655250529	0.533099561636	0.529597763853	0.534550605939	0.524182559488	0.539552012496	0.529817395214	0.531929228447	0.532869754813	0.537558866026	0.535132668566	0.536998286104	0.532391087312	0.516624826087	0.524558504108	0.532206432709	0.541876910672	0.533051137366	0.5337869236	0.526758923615	0.532810194721	0.534424152891	0.531554189361	0.536643064022	0.537800713118	0.531422459513	0.54190952047	0.535518833158	0.542890501602	0.538446520279	0.546302775556	0.544731421876	0.53698353781	0.529760284576	0.539252741629	0.547994096587	0.537702116462	0.526257835631	0.542583663133	0.532880869487	0.539852811705	0.545396495213	0.540903974146	0.541084417472	0.53852803017	0.54154168095	0.538271605525	0.539862368786	0.5373501398	0.54149229874	0.536030787691	0.54149411112	0.522124292162	0.533659058174	0.535569405429	0.530509186367	0.52974840835	0.529408933085	0.526153381268	0.541930002089	0.532154931498	0.532735107829	0.534675711168	0.532263266517	0.524790479871	0.530023363136	0.530731860525	0.529528011592	0.529837137617	0.480074475233	0.53369155432	0.529334846865	0.527625503422	0.532421457872	0.522216511715	0.526912437024	0.530869994108	0.542243736252	0.537595777872	0.538861227693	0.540974005314	0.540945542465	0.535103305277	0.536121836388	0.540305677895	0.543629323476
0.528522375825	0.528716079616	0.557241889808	0.537273257526	1	0.556282759396	0.506959017387	0.550589713288	0.557284628	0.551469631305	0.550329189311	0.553512799831	0.534983638075	0.552518294468	0.547061876594	0.550417244458	0.551431627885	0.55279761219	0.556316438688	0.551719635474	0.547102903738	0.523463654807	0.538016320256	0.542974249653	0.551517039261	0.544486310144	0.546800926869	0.536043166109	0.548476181422	0.55180991579	0.549873153257	0.55391047982	0.555164485438	0.542130404244	0.551461025603	0.543623557836	0.552736800721	0.548368328924	0.566938209578	0.561650437861	0.554262428184	0.551904211462	0.551407731409	0.561064652967	0.553491697115	0.540289522986	0.559388986256	0.557406613994	0.561119460495	0.558241682154	0.553761586602	0.557406492704	0.557384265956	0.560117189206	0.55315346383	0.559315563965	0.550500043546	0.556981057759	0.551172337055	0.55391733292	0.531672956384	0.551813347896	0.554346837549	0.54867745823	0.544441226536	0.551637523184	0.547684505213	0.555027251526	0.549848607009	0.549950752899	0.550454861994	0.549163848462	0.544049500915	0.547134308644	0.548083788633	0.546507085056	0.547321715931	0.482499116359	0.552033795537	0.547256042754	0.548432759214	0.54812347011	0.53532259006	0.542468388218	0.546392427481	0.559672280136	0.557117652376	0.555821673675	0.554646385584	0.555792020904	0.542425426371	0.54691317051	0.557743066125	0.563506274776
0.534950547315	0.534314121891	0.55799022095	0.541184772779	0.556282759396	1	0.514303100963	0.741076028455	0.584813646707	0.557324565954	0.559080795213	0.555877610593	0.542302458832	0.560207957691	0.550171596363	0.555710980486	0.555683146126	0.558485729888	0.556534291701	0.56008806133	0.551322740095	0.529605045706	0.540050254725	0.550917347481	0.556028806645	0.551233354281	0.550280560822	0.540799165764	0.556706295155	0.558899149202	0.559444640411	0.55876932946	0.561264133655	0.543994494735	0.557388175422	0.550331229363	0.561728703522	0.554655070601	0.567545925182	0.562710294829	0.557928427558	0.549547023343	0.5578913381	0.564685153058	0.557702840937	0.542379370647	0.565417027689	0.557413497935	0.563231515562	0.566504869871	0.562062223342	0.557635258261	0.557697837323	0.563621027968	0.562235960311	0.564164207299	0.558509635216	0.562257991228	0.557113530093	0.559628205144	0.534056341372	0.559533894401	0.555187346345	0.555983409047	0.55130467431	0.555930483394	0.552950725817	0.56287155148	0.556747847039	0.556077585227	0.557208376049	0.557402650903	0.552955187052	0.553838545617	0.555410670568	0.551537424386	0.552274270114	0.485559613589	0.56083995086	0.551759663452	0.553102597856	0.556245585607	0.541185971306	0.548228864893	0.547807275599	0.565450261437	0.561563390599	0.561092403615	0.558039336002	0.562811274507	0.552562493425	0.556059759222	0.563395313427	0.565003112386
0.496386192129	0.496133015893	0.508437885508	0.506177526979	0.506959017387	0.514303100963	1	0.511261016287	0.513435202799	0.502621272949	0.503556504813	0.511589003491	0.500019005241	0.508881896088	0.50123249065	0.505387123659	0.506691451114	0.506359176028	0.504463029505	0.506935571784	0.501983248128	0.497784045262	0.498490516703	0.503132853595	0.509497459203	0.501066561611	0.504131108308	0.500499613684	0.504025174213	0.50339956923	0.505422773024	0.505661180307	0.509173394429	0.5034170247	0.511626103852	0.507819894275	0.509949618811	0.512236128207	0.513941513492	0.51009242608	0.508936990939	0.50526326398	0.508400724156	0.512587155589	0.511416373092	0.504848770843	0.512898014245	0.505950563193	0.509368921899	0.511276044292	0.503727988633	0.506296588524	0.508025416377	0.507638413617	0.505547130749	0.510360503629	0.50481126915	0.508276031246	0.50752634955	0.508934498655	0.499804636028	0.50302464981	0.503826659378	0.500354693614	0.502919496511	0.50239898168	0.500524073231	0.511963956213	0.501508604316	0.506514375325	0.505134017621	0.510064698455	0.504063697049	0.506145173415	0.510604212998	0.508301662043	0.508857132842	0.482200184678	0.506865526944	0.50211398767	0.50565713109	0.504243684395	0.506365394014	0.509684597981	0.506492378855	0.509147004584	0.510451113357	0.507076071219	0.51074138756	0.50985031779	0.508757798507	0.504884608159	0.510798305076	0.511858147275
0.529599610734	0.53060830483	0.556994754906	0.538453713002	0.550589713288	0.741076028455	0.511261016287	1	0.579639215357	0.551496900828	0.551095776691	0.551898031273	0.536964287384	0.557006692982	0.548111870226	0.551200236986	0.548089138475	0.554583918434	0.554093208111	0.55619628108	0.549824353747	0.527540682032	0.532966050121	0.549034744477	0.549884672677	0.545626426187	0.54836903011	0.539912566318	0.551086695657	0.55444361571	0.55665041689	0.55289018949	0.556577404256	0.543919291593	0.558370833108	0.546879450913	0.557440871462	0.549601186883	0.564897221951	0.557739504249	0.555741011248	0.546157113574	0.556526714066	0.561331424107	0.557224108696	0.542599123751	0.561262948759	0.558302865159	0.561220196665	0.562465920288	0.560073629296	0.554950671106	0.550304199126	0.55966417121	0.557115515672	0.557375431964	0.556025819151	0.558610413561	0.553887160824	0.553885236169	0.534696165602	0.552581210225	0.548866319717	0.549763252901	0.544865379332	0.55076671418	0.548049587512	0.558925099933	0.554532040409	0.552208456793	0.552930807828	0.555055761667	0.548806302142	0.551097443903	0.550325066277	0.547733056172	0.548222929936	0.483252508683	0.555292460571	0.54826257213	0.546481518474	0.549192103858	0.53572014422	0.544878995652	0.545101061605	0.56387287045	0.557809264148	0.555012723073	0.556403091154	0.559468676483	0.550165081881	0.553444181697	0.559950828018	0.561147384314
0.533749742537	0.53180773726	0.555935829404	0.541655250529	0.557284628	0.584813646707	0.513435202799	0.579639215357	1	0.556008971746	0.557913097889	0.555630869107	0.544111947999	0.560052436941	0.552539467282	0.556113809847	0.556800112702	0.559929189908	0.557943011261	0.56059409046	0.551163662587	0.530556824805	0.538417433573	0.552086961928	0.557497330373	0.547855455503	0.551862628672	0.540841770892	0.557375519272	0.558146140713	0.558180660625	0.560296239218	0.563607104571	0.546328483029	0.563322772925	0.548665990958	0.560890425248	0.555186693325	0.566535321519	0.564822539192	0.561014538328	0.550129993357	0.560279666446	0.568522726879	0.562849271418	0.543286720949	0.565735300175	0.558450841317	0.566368128061	0.567424482806	0.559387126177	0.56109408141	0.56091685092	0.563815491402	0.561347752443	0.562428017187	0.557352197079	0.562630660554	0.556716305697	0.556980561356	0.535241165633	0.557241906984	0.557342790056	0.553599815278	0.549629383648	0.551562970953	0.55124632067	0.565447151232	0.55427315628	0.557429680258	0.558278596393	0.5604454982	0.552462072472	0.555318003044	0.554596200605	0.556813644759	0.553283476758	0.483389598845	0.561443521789	0.554690925796	0.554164233273	0.55663360988	0.538002370698	0.549150313946	0.552379359342	0.564707557683	0.564149002399	0.562053747739	0.562122208944	0.569147529768	0.553991150794	0.55881913992	0.565020450819	0.567657182112
0.534239513649	0.52481067871	0.55114971591	0.533099561636	0.551469631305	0.557324565954	0.502621272949	0.551496900828	0.556008971746	1	0.553874646573	0.548204066669	0.535242627036	0.552247043436	0.548443640695	0.555549450896	0.556437784997	0.553172969019	0.556682485892	0.548154934074	0.549583206377	0.524783985943	0.537750407295	0.546861995832	0.549730067266	0.549110569253	0.546037508795	0.539276219984	0.553383063587	0.553461132895	0.550633221915	0.554612195056	0.552613533889	0.538203884371	0.55275542589	0.542166251415	0.552251157534	0.547321910145	0.560759794266	0.558921846287	0.551826577492	0.540757377495	0.55001693123	0.561430459621	0.553503129464	0.536704986808	0.565654223626	0.554588556732	0.560187409629	0.55910820861	0.554377983202	0.553197550845	0.553502108587	0.559105151719	0.555140458736	0.556404394023	0.552513138405	0.557652173392	0.550734662783	0.555699477367	0.528634249905	0.552895304163	0.554248497753	0.554522071446	0.546722801217	0.554018931494	0.551271443207	0.563489373404	0.555444552921	0.54859528455	0.551088931306	0.54816639875	0.544557696638	0.546975605836	0.548006907841	0.545319859866	0.543899323597	0.478715227758	0.554078188479	0.54669128861	0.553507967956	0.552406321345	0.529647315204	0.543454932822	0.548084858911	0.556463530123	0.555778717302	0.555663014103	0.555305706796	0.558133928954	0.543315130284	0.553651060972	0.561516213615	0.561285220876
0.536077771272	0.525490156229	0.550074629021	0.529597763853	0.550329189311	0.559080795213	0.503556504813	0.551095776691	0.557913097889	0.553874646573	1	0.550529476335	0.53831548398	0.550935708474	0.548099241152	0.559136288679	0.553526228929	0.549150469935	0.554886134194	0.553770958769	0.547680138661	0.520888084766	0.53622001095	0.545133049573	0.549859666379	0.546846328527	0.542936544996	0.535697046972	0.546360208657	0.554376837387	0.550856359542	0.558862800401	0.554923928116	0.534553430139	0.548818604587	0.538146134967	0.549537025649	0.540965861276	0.558325117673	0.556644318505	0.552499412451	0.540981691205	0.553215269743	0.561255198923	0.55114094803	0.535229615467	0.557039463469	0.550822971041	0.555108621275	0.55860234742	0.552894839106	0.553178816296	0.552846688505	0.556704068564	0.552228237756	0.560629604477	0.547082456046	0.551960357343	0.547838694975	0.552804637942	0.525907102369	0.556732048659	0.559014559816	0.554856236467	0.542969069003	0.555399703851	0.557368421456	0.563292581809	0.556662536712	0.547890438441	0.550232480675	0.54864560236	0.543796454001	0.549279742294	0.552014316303	0.544035169075	0.544055914888	0.480510577182	0.554282505717	0.553496152424	0.554999531417	0.551079317175	0.530557058	0.546148285384	0.546965917087	0.55712982639	0.552148275293	0.552391354061	0.554025009916	0.55531370558	0.549632714164	0.551600868114	0.554123302816	0.559816176562
0.531661960651	0.529803231788	0.552997207622	0.534550605939	0.553512799831	0.555877610593	0.511589003491	0.551898031273	0.555630869107	0.548204066669	0.550529476335	1	0.536679021026	0.564126553242	0.543079079246	0.55309217164	0.55055465844	0.552910484747	0.550470802688	0.55679549069	0.546561477821	0.527084158444	0.537521244766	0.546111711407	0.550191064883	0.54458273557	0.543283380418	0.535611438219	0.54902838708	0.553797910198	0.549595131945	0.552497415255	0.553255205547	0.537993057792	0.550356343944	0.544199876658	0.555112994509	0.54462797817	0.558582517616	0.55752909155	0.552172129592	0.544958560941	0.559219626701	0.55791053542	0.552297586728	0.538972108001	0.556693380716	0.551976723117	0.556501206392	0.558896277877	0.551457215481	0.551377208666	0.54906913464	0.555261178349	0.55466066053	0.558274061839	0.552367400796	0.554262181557	0.550869208739	0.553953394098	0.531130755107	0.552502358242	0.552652447439	0.545364645682	0.545848965724	0.549599598633	0.55157154983	0.561603829989	0.550343458111	0.548363681386	0.551670436108	0.550228792175	0.543930192649	0.544662134868	0.551847783687	0.546281720524	0.544646508738	0.482869776386	0.553446942165	0.548204666979	0.552008796447	0.548944676853	0.53443562185	0.541525008823	0.547831899767	0.55675231685	0.551601064908	0.549193227642	0.558049160266	0.55638873737	0.547595971227	0.548339773857	0.553156565779	0.557776008797
0.521382895208	0.519694070599	0.537996418863	0.524182559488	0.534983638075	0.542302458832	0.500019005241	0.536964287384	0.544111947999	0.535242627036	0.53831548398	0.536679021026	1	0.541615357675	0.531829285332	0.536513483599	0.534230892026	0.538316114461	0.537227378639	0.543782735283	0.530482565408	0.519036363191	0.521563131974	0.53174539408	0.539592500309	0.532488902762	0.52888389723	0.52362064199	0.536004932688	0.535443542415	0.537463833595	0.539519376814	0.541519723125	0.529548500814	0.540304917606	0.535533290822	0.538177326044	0.534749041098	0.543975366512	0.542751090159	0.537237886739	0.530607134952	0.539700606181	0.546075664119	0.54275715326	0.528172769976	0.543183531877	0.539543303674	0.543141109918	0.544417278888	0.536381751664	0.540790688473	0.539471858803	0.543718463088	0.537966752345	0.541604398297	0.53842822131	0.541494045985	0.533235305198	0.537274183765	0.518919848682	0.538738121175	0.534610309239	0.531794466998	0.529955213271	0.531631139096	0.534259537666	0.545187731193	0.538479614417	0.534893142794	0.538574133357	0.538062836347	0.53228660646	0.534645423412	0.535340535337	0.533805036134	0.532515664336	0.482403796096	0.539911785117	0.53300557169	0.532890371565	0.533849237627	0.52215432047	0.528343453273	0.531678615606	0.541906609922	0.541881981206	0.539357878996	0.538420292676	0.542733324926	0.534007621488	0.534806157993	0.541932009254	0.545297886004
0.52846271061	0.530841158896	0.554468268287	0.539552012496	0.552518294468	0.560207957691	0.508881896088	0.557006692982	0.560052436941	0.552247043436	0.550935708474	0.564126553242	0.541615357675	1	0.545873772154	0.553774599143	0.549948411753	0.555561256115	0.552206112599	0.590264701946	0.54651066603	0.527344767198	0.535447736296	0.547004199123	0.554077171779	0.546276972551	0.55040093631	0.537444719141	0.549323500492	0.551368487951	0.553152929955	0.556689664004	0.556946922424	0.542301520766	0.553509693262	0.547580559882	0.554628208442	0.546852240147	0.563195234208	0.561024191531	0.554753212432	0.546172067216	0.560662411203	0.559879890721	0.555378202603	0.542359404939	0.560605262303	0.554192099804	0.558972438358	0.560790986586	0.554715926716	0.556508483843	0.550756712184	0.558389871379	0.556762723695	0.557449522661	0.555586271953	0.556329780013	0.55213308362	0.555377447412	0.533510654237	0.557445927858	0.554656914532	0.54866627347	0.54834984117	0.551020995018	0.547376080045	0.560716658395	0.555493748906	0.553198236443	0.551899347376	0.552959847338	0.548189521824	0.548488470067	0.555395368387	0.547576314276	0.549254287863	0.487173439036	0.55225541469	0.548245770767	0.550926502819	0.547723946565	0.53377624322	0.542321768823	0.54807591891	0.559608948753	0.557072929899	0.552478822399	0.558595986464	0.556107769668	0.549407264861	0.55380766612	0.556045053098	0.56103235011
0.527105696549	0.526248546191	0.5501540433	0.529817395214	0.547061876594	0.550171596363	0.50123249065	0.548111870226	0.552539467282	0.548443640695	0.548099241152	0.543079079246	0.531829285332	0.545873772154	1	0.551557987954	0.548460838405	0.564643663056	0.551604129155	0.546053112253	0.547575615486	0.522948145826	0.531810132385	0.543571263727	0.549928899594	0.544928646046	0.543627462353	0.539039800461	0.550094133705	0.550502917184	0.548097159155	0.551742467527	0.551242961876	0.540279378083	0.55122211278	0.541053012729	0.554414674198	0.544758089261	0.559530148321	0.555817388147	0.553864885391	0.535597682608	0.546455412468	0.556740580746	0.548578370631	0.536610200579	0.555432546703	0.55114260257	0.553109190671	0.55428000986	0.552346568602	0.55222047708	0.546949042165	0.557551574646	0.55140825113	0.551632770369	0.551895734774	0.553876237877	0.552141084207	0.555117758739	0.528511832731	0.544725999889	0.549485883548	0.569715044568	0.55379144927	0.547015931757	0.546242597025	0.552812684855	0.547571723017	0.545141248601	0.549318216304	0.545484197039	0.539170188025	0.542786031747	0.545255964044	0.541961097619	0.539932998687	0.478669699924	0.553248690158	0.546264479437	0.546436552273	0.546470622978	0.524279619753	0.540675594002	0.541726477607	0.554739132831	0.550961736286	0.55196969389	0.551134196354	0.554277023275	0.547382867967	0.54637504078	0.552274199984	0.553999391645
0.533782513843	0.530299490624	0.55649984168	0.531929228447	0.550417244458	0.555710980486	0.505387123659	0.551200236986	0.556113809847	0.555549450896	0.559136288679	0.55309217164	0.536513483599	0.553774599143	0.551557987954	1	0.554662828337	0.559190737392	0.559141812483	0.55326920081	0.555579251267	0.526658398487	0.537873119758	0.551203535344	0.554664286289	0.551135960122	0.548871797926	0.539165680637	0.550153070817	0.553445232443	0.556691108682	0.562620028266	0.556104883772	0.544196948503	0.555429501499	0.544334731109	0.556843999296	0.547100568989	0.562904442909	0.558423926817	0.556892626412	0.546484513066	0.551644828651	0.562738402092	0.552166738245	0.53726263514	0.56478992442	0.554619011642	0.629345425707	0.56384494915	0.555901890866	0.557905379734	0.553114497812	0.562959791181	0.553657868956	0.570105819111	0.552601716412	0.556984327573	0.557222772209	0.555182012181	0.533006771947	0.557790716284	0.556463210449	0.558880018465	0.548573597934	0.555163403206	0.553088298202	0.564427473477	0.558065432147	0.551537912925	0.554757426599	0.550786131644	0.545800878516	0.551637460935	0.549907585281	0.545846462325	0.544096449311	0.481316685837	0.55792033255	0.552258719055	0.556368190666	0.555205249292	0.529132223404	0.548365328668	0.552338314123	0.564563425571	0.553737446483	0.554409829364	0.699900291529	0.561845172549	0.552021654166	0.555140223369	0.560329472698	0.574413953841
0.535627237647	0.526348617045	0.552077495402	0.532869754813	0.551431627885	0.555683146126	0.506691451114	0.548089138475	0.556800112702	0.556437784997	0.553526228929	0.55055465844	0.534230892026	0.549948411753	0.548460838405	0.554662828337	1	0.551585369973	0.553682090484	0.551057283662	0.55072334858	0.525098986661	0.536662212898	0.545220914462	0.553658606127	0.548685981157	0.548167246223	0.533441800714	0.550451464102	0.547705860785	0.549330189797	0.554452800302	0.554109411563	0.537603829647	0.553515949621	0.542468382247	0.552698914479	0.547954700571	0.561002608434	0.559594206498	0.553187683823	0.546359184194	0.549503705447	0.563684064504	0.553377293726	0.53790667112	0.57253251664	0.56550527483	0.561921779823	0.559493323567	0.55496393483	0.553496165611	0.550953245321	0.559410158612	0.553229258233	0.558510522358	0.552022417758	0.556383442698	0.55391157222	0.556570545981	0.52931902039	0.553283883749	0.552010808654	0.5494630474	0.547231098057	0.546859377691	0.546350926742	0.560086376348	0.549934241668	0.550424565539	0.552700613547	0.548804192802	0.546340787866	0.547422424933	0.551315457279	0.543904002523	0.545175058502	0.480493343715	0.554619482213	0.54741320149	0.550524446151	0.548791206393	0.534723132079	0.543139680811	0.546972638663	0.555344991745	0.556647270215	0.554434865945	0.557321527043	0.557023251703	0.548383624265	0.552057448391	0.556724073063	0.557262390817
0.531954992968	0.527886133829	0.557424983698	0.537558866026	0.55279761219	0.558485729888	0.506359176028	0.554583918434	0.559929189908	0.553172969019	0.549150469935	0.552910484747	0.538316114461	0.555561256115	0.564643663056	0.559190737392	0.551585369973	1	0.558659188329	0.556703899364	0.552933196125	0.529824647104	0.533696418076	0.553645509893	0.554678194621	0.550123092476	0.550096723085	0.54377109894	0.553635850272	0.556905570395	0.554318786619	0.556080797065	0.557537074342	0.546455265664	0.559769272837	0.552380929215	0.561308797936	0.554057583212	0.563692398549	0.559592589682	0.55741396362	0.545236091616	0.553236201547	0.561197053266	0.550992777574	0.540962858795	0.560113009786	0.555409667844	0.56270382132	0.559918866795	0.560937750603	0.557808245795	0.555511624779	0.563650690989	0.554209431821	0.561211084801	0.558496420024	0.562160690375	0.557619751309	0.562144592869	0.534829174001	0.5510366854	0.553871913621	0.5667453938	0.577288402111	0.550521808877	0.547960872814	0.56091507882	0.551568376725	0.556149579877	0.553280460747	0.552869794772	0.544514033809	0.552610299094	0.548857816093	0.548664239522	0.544543685521	0.484778725058	0.557716959611	0.545844311615	0.551099045494	0.549010987158	0.533935715718	0.546089846468	0.549425410016	0.560477564482	0.56051745259	0.559199790098	0.563393181176	0.563138561728	0.549009158707	0.553555932721	0.555674995939	0.56253384361
0.534329488779	0.526650413847	0.556653282729	0.535132668566	0.556316438688	0.556534291701	0.504463029505	0.554093208111	0.557943011261	0.556682485892	0.554886134194	0.550470802688	0.537227378639	0.552206112599	0.551604129155	0.559141812483	0.553682090484	0.558659188329	1	0.552153719736	0.552054870866	0.527754962702	0.539186130869	0.5469688662	0.55436057992	0.551213535566	0.547891419307	0.542314740257	0.553222160832	0.556767459465	0.554374535659	0.559395740877	0.556981217032	0.543596722232	0.554777625241	0.547721083197	0.558421558326	0.548889153485	0.566240094082	0.563411759074	0.557100305871	0.544869079391	0.555403882924	0.562700280393	0.55511035455	0.541424480082	0.561903984734	0.560433530702	0.561275612485	0.560742973137	0.554197692578	0.560337534763	0.554056077481	0.578848252789	0.557173219473	0.561406404919	0.557345582836	0.557227899414	0.556698139149	0.557357574467	0.531181603114	0.553240414375	0.556556812899	0.558113953969	0.550509467032	0.556615265709	0.556149680747	0.559348652399	0.553931502717	0.551156499405	0.550884662667	0.545880747932	0.546011739149	0.549828017444	0.548440410651	0.548305801277	0.547045373008	0.478639041977	0.55757773506	0.551117677048	0.55124704808	0.553590273575	0.530529219601	0.545712694419	0.550848809644	0.560440021053	0.556799976567	0.558807232974	0.558519552025	0.561191188366	0.549786927391	0.552267319748	0.560564366702	0.563373150285
0.529225375737	0.528248980293	0.556017068905	0.536998286104	0.551719635474	0.56008806133	0.506935571784	0.55619628108	0.56059409046	0.548154934074	0.553770958769	0.55679549069	0.543782735283	0.590264701946	0.546053112253	0.55326920081	0.551057283662	0.556703899364	0.552153719736	1	0.547907117221	0.528175864651	0.533126260102	0.548237598984	0.556314893278	0.54497886953	0.548092404474	0.5369407084	0.552497240686	0.552712804449	0.551501365982	0.557688755733	0.555433686365	0.54115961521	0.555682999382	0.544654934395	0.558931546769	0.549861267871	0.564181204678	0.560729395423	0.555016499202	0.544313687863	0.560365637529	0.560483941285	0.55512636362	0.538796997711	0.561637781356	0.552049868326	0.558420405987	0.562978757473	0.552290244166	0.552903702211	0.551230864157	0.557562401235	0.559234224032	0.560531774351	0.552181869238	0.556568398481	0.549036684805	0.554538788965	0.532717823598	0.555930374505	0.553962771331	0.548830527289	0.545589827337	0.551724540307	0.546943727138	0.560517402735	0.555007239364	0.55345241425	0.551830000748	0.551878595261	0.544968314638	0.547787712552	0.550713559173	0.551503088565	0.547245069707	0.484544956856	0.555504655318	0.545007431422	0.547297128452	0.549971830043	0.535539748978	0.543157647033	0.546166780048	0.562352673964	0.559427990248	0.557234926708	0.557104531189	0.559480868947	0.550867212338	0.550392195425	0.560858260649	0.563663651353
0.529522230105	0.527321043534	0.553330802434	0.532391087312	0.547102903738	0.551322740095	0.501983248128	0.549824353747	0.551163662587	0.549583206377	0.547680138661	0.546561477821	0.530482565408	0.54651066603	0.547575615486	0.555579251267	0.55072334858	0.552933196125	0.552054870866	0.547907117221	1	0.528402973609	0.534909225087	0.549365630204	0.559233912216	0.558280785367	0.555351897328	0.547448078207	0.558680851872	0.548755470188	0.548223519958	0.553300854904	0.548639103975	0.542582100076	0.553411070935	0.546628022539	0.557156431918	0.544146953041	0.5576641391	0.555487054385	0.55295901884	0.538396843466	0.544653090746	0.558072718581	0.552775727753	0.538062297546	0.555607614486	0.550674324325	0.559503704758	0.553707217098	0.557054281135	0.552404237777	0.549775457532	0.555667517439	0.550370163996	0.555878118658	0.556479854775	0.556530962794	0.553083192808	0.556807154297	0.527879763822	0.54901863499	0.551643163313	0.550607090159	0.546203431401	0.546535434742	0.547301432848	0.553038627503	0.550296253013	0.549600355	0.552316097756	0.542798587448	0.542066663439	0.54551393821	0.544503870882	0.542997652505	0.540620003019	0.480481315094	0.552292461096	0.54746726222	0.546413529485	0.551282159638	0.529426783843	0.54121108238	0.545276361921	0.552567077978	0.550025212172	0.551173969823	0.555820567125	0.55524640731	0.54633722194	0.551760776793	0.552366017922	0.557493598062
0.512440931266	0.51172262773	0.528068989362	0.516624826087	0.523463654807	0.529605045706	0.497784045262	0.527540682032	0.530556824805	0.524783985943	0.520888084766	0.527084158444	0.519036363191	0.527344767198	0.522948145826	0.526658398487	0.525098986661	0.529824647104	0.527754962702	0.528175864651	0.528402973609	1	0.512667956675	0.523234763771	0.531817538563	0.52902170762	0.528589265803	0.529864776652	0.530946184365	0.524660719449	0.526522505018	0.530442723561	0.529223930522	0.520852347027	0.534676040778	0.52542171879	0.533865922525	0.53021496793	0.535358561708	0.534094613391	0.533542073223	0.522093451916	0.529162344936	0.533043821969	0.528994878228	0.519627059013	0.532358169146	0.529725272861	0.530679257768	0.530341503873	0.529726485487	0.532279647001	0.527779301306	0.532445449393	0.527521335323	0.53091923265	0.537389748485	0.537303528621	0.53191482237	0.533424294452	0.51371144645	0.526192732987	0.524382822847	0.527019264377	0.522206623829	0.521604247781	0.518151250981	0.529744602831	0.526989535284	0.526105127417	0.529293892399	0.522678458291	0.52243110046	0.522433494934	0.526379871496	0.524607765949	0.520079778548	0.478438616871	0.528034093652	0.521728817944	0.524112867453	0.525662042815	0.511518521204	0.519127310237	0.526229145293	0.532759329415	0.528084409298	0.528567670456	0.530689588386	0.531147391463	0.520870678859	0.529350767385	0.530289157763	0.535328230208
0.520633925128	0.514412933879	0.537350091243	0.524558504108	0.538016320256	0.540050254725	0.498490516703	0.532966050121	0.538417433573	0.537750407295	0.53622001095	0.537521244766	0.521563131974	0.535447736296	0.531810132385	0.537873119758	0.536662212898	0.533696418076	0.539186130869	0.533126260102	0.534909225087	0.512667956675	1	0.529189790096	0.535798338857	0.52932855232	0.533320724172	0.524603043175	0.534878099198	0.533239085634	0.537648260028	0.540567643944	0.538657998209	0.524028889696	0.535255202633	0.528595289424	0.535759877197	0.53144948715	0.541742470086	0.543429777545	0.53758537528	0.5304360494	0.53417675761	0.543033515337	0.536651243521	0.525199391253	0.541715353312	0.535234804649	0.539159960931	0.537128456018	0.537206587337	0.536872548253	0.535952407179	0.540866798944	0.539086753153	0.538397454339	0.535563082548	0.53426495578	0.534281734915	0.535595115504	0.514897248081	0.537926139689	0.540745762845	0.534398773864	0.532655371752	0.533752294404	0.530049437485	0.541550459004	0.534863862173	0.531836899647	0.535899196866	0.530260168538	0.528348880052	0.532045526798	0.528307316744	0.529337732453	0.529307233299	0.478951337647	0.536377131559	0.533421609883	0.533961463955	0.533813752383	0.518921362613	0.5307362623	0.53005193351	0.537012465749	0.536090524394	0.537695114089	0.538826981444	0.538520872973	0.52646263829	0.53504113377	0.539464243553	0.538919186671
0.52809291893	0.52191202092	0.549411158035	0.532206432709	0.542974249653	0.550917347481	0.503132853595	0.549034744477	0.552086961928	0.546861995832	0.545133049573	0.546111711407	0.53174539408	0.547004199123	0.543571263727	0.551203535344	0.545220914462	0.553645509893	0.5469688662	0.548237598984	0.549365630204	0.523234763771	0.529189790096	1	0.553494473699	0.548694069276	0.548508123057	0.540079747779	0.551404466319	0.548666022282	0.545987093268	0.550736332509	0.550567643949	0.541637887467	0.552235441078	0.545410913815	0.55409091849	0.546767005237	0.555566212768	0.551964181225	0.549774166855	0.537993868852	0.547900093974	0.553800711063	0.546607948835	0.53454729091	0.551508357084	0.549724179824	0.549353775228	0.550640724281	0.552965830957	0.549976462007	0.546914195744	0.550952595602	0.547961509828	0.55319763583	0.551176029681	0.556481888985	0.553016956263	0.552676146114	0.528130234478	0.544069423071	0.546886966885	0.551281105336	0.54280127368	0.544993637017	0.54512339735	0.552632510772	0.546188305355	0.547310831685	0.546369009547	0.543568993973	0.541075928	0.546704374833	0.541214666701	0.538727114202	0.53993931238	0.479925581395	0.550727904296	0.54193216192	0.541683139095	0.545788982255	0.525987448143	0.538579894404	0.541710471771	0.551337519803	0.550216729642	0.548175131983	0.551928851292	0.555793204323	0.544564038516	0.54475856663	0.552895107107	0.554196844749
0.530533979609	0.526836582633	0.554526213974	0.541876910672	0.551517039261	0.556028806645	0.509497459203	0.549884672677	0.557497330373	0.549730067266	0.549859666379	0.550191064883	0.539592500309	0.554077171779	0.549928899594	0.554664286289	0.553658606127	0.554678194621	0.55436057992	0.556314893278	0.559233912216	0.531817538563	0.535798338857	0.553494473699	1	0.5521957936	0.55772783289	0.549698033181	0.554991161676	0.552956306863	0.550367823084	0.558337039841	0.556008625201	0.546227524156	0.560080475094	0.549635626286	0.559670403268	0.553034441253	0.564091812016	0.560083887775	0.555880083428	0.546736527249	0.553092609825	0.56290679895	0.553679622509	0.540372128452	0.562968446787	0.553701824327	0.561314898787	0.561329799315	0.559086094943	0.556191573919	0.555477980995	0.561157991653	0.556050603041	0.560648760681	0.560430503948	0.55986987584	0.555185762388	0.562756386943	0.532569359955	0.554677225406	0.551604881427	0.554662342859	0.547939946685	0.546331830279	0.546775712385	0.559735399549	0.550430235403	0.551494197476	0.552367983944	0.551108387563	0.543449473371	0.548028474356	0.550378489065	0.548570488261	0.549595159959	0.485418251606	0.557805439656	0.549990180874	0.550163619435	0.550185355698	0.536548046201	0.546743098927	0.547156677905	0.558545145975	0.558417786389	0.560023569345	0.560512092419	0.560715585501	0.5499099623	0.553059095624	0.559150701906	0.561857258138
0.528316555844	0.525340182335	0.548906584411	0.533051137366	0.544486310144	0.551233354281	0.501066561611	0.545626426187	0.547855455503	0.549110569253	0.546846328527	0.54458273557	0.532488902762	0.546276972551	0.544928646046	0.551135960122	0.548685981157	0.550123092476	0.551213535566	0.54497886953	0.558280785367	0.52902170762	0.52932855232	0.548694069276	0.5521957936	1	0.56347877536	0.549517848877	0.556162019617	0.548920608841	0.545440011457	0.551918640136	0.549926948972	0.542349506252	0.553066425851	0.543477761705	0.554024597274	0.547800638888	0.556068373584	0.554309262588	0.551764167843	0.537481733859	0.542317767647	0.553916637161	0.546580807983	0.535824128446	0.553403524382	0.552677002403	0.553584536033	0.554816181865	0.553286996383	0.551660327255	0.546045529166	0.553603054494	0.547007426071	0.555812424698	0.558385084362	0.558075819077	0.552597304661	0.553827288918	0.527403255186	0.545892777738	0.549027827432	0.548649373308	0.545089818587	0.54489553687	0.544120577321	0.550644753301	0.546874400657	0.546323196602	0.547854711191	0.541047367347	0.540956900946	0.543871101948	0.54420429485	0.538799339021	0.537521966947	0.483170796756	0.547850298842	0.542471909667	0.543042386725	0.547662884959	0.523178402217	0.538976160147	0.544390211013	0.555841762046	0.550207064031	0.549794850734	0.554060773474	0.555518385284	0.544309244346	0.549596664457	0.551289339507	0.554299330453
0.528223302621	0.525140630274	0.550359872171	0.5337869236	0.546800926869	0.550280560822	0.504131108308	0.54836903011	0.551862628672	0.546037508795	0.542936544996	0.543283380418	0.52888389723	0.55040093631	0.543627462353	0.548871797926	0.548167246223	0.550096723085	0.547891419307	0.548092404474	0.555351897328	0.528589265803	0.533320724172	0.548508123057	0.55772783289	0.56347877536	1	0.548441575716	0.54768968248	0.547826710392	0.54444613243	0.551403975761	0.551114379334	0.54015495477	0.552820222692	0.545082645725	0.555049177125	0.545627490234	0.556726731894	0.554903182879	0.550907392811	0.53711497493	0.547449161046	0.553300342843	0.548836012285	0.535695604525	0.553721810119	0.550676727876	0.550069200045	0.554891706028	0.552430777418	0.550646062567	0.546161454307	0.551446659275	0.548302949022	0.553170114701	0.550813068341	0.557119072155	0.554111915102	0.555453042587	0.527640086052	0.544388170217	0.54479920707	0.547446094248	0.543180262052	0.543504118687	0.536606104056	0.552317185471	0.546982494435	0.547899021382	0.54778467772	0.543597013809	0.540381659964	0.542045243685	0.54309376386	0.541055025649	0.536820719321	0.48281129317	0.549052457357	0.544016131596	0.544943652867	0.543859307688	0.521591560955	0.538806532426	0.541677334379	0.552792753877	0.549377013068	0.550363298984	0.551589370872	0.55595400737	0.544222015684	0.546329690867	0.550145424896	0.554322562233
0.520276104233	0.522375367901	0.539599121737	0.526758923615	0.536043166109	0.540799165764	0.500499613684	0.539912566318	0.540841770892	0.539276219984	0.535697046972	0.535611438219	0.52362064199	0.537444719141	0.539039800461	0.539165680637	0.533441800714	0.54377109894	0.542314740257	0.5369407084	0.547448078207	0.529864776652	0.524603043175	0.540079747779	0.549698033181	0.549517848877	0.548441575716	1	0.547273528605	0.538469329209	0.541033040529	0.54091775955	0.54365879207	0.53146074301	0.540306580939	0.535442973141	0.546363407508	0.538088745847	0.545582896329	0.543976723063	0.544246878477	0.529711199604	0.536154559715	0.544509874612	0.540049245907	0.529184490757	0.546419935376	0.543011257528	0.544762292613	0.542325295645	0.543513003051	0.541001977139	0.536609159007	0.546661854697	0.540903640214	0.544597111938	0.547179983161	0.544073540741	0.542266080104	0.544281426037	0.517592304879	0.538117665666	0.53796417656	0.540611243008	0.534038710529	0.53417484057	0.534789545396	0.543530084029	0.534838649979	0.537835719691	0.539417292322	0.531440590593	0.532180768155	0.534763694712	0.534978669409	0.53149569102	0.527933129016	0.480072716465	0.539508240214	0.534527188746	0.535629296814	0.535160310815	0.521393417214	0.530903583281	0.536086903288	0.545378265332	0.538306606302	0.54000676864	0.542317980957	0.542938037721	0.536586343258	0.540144398359	0.541744549335	0.544988455127
